data_indices: 0,1,2
gradients: 1.0000000000,2.0000000000,3.0000000000
hessians: 0.5000000000,1.0000000000,1.5000000000
histogram: 2.0000000000,1.0000000000,4.0000000000,2.0000000000,1.0000000000,0.5000000000,5.0000000000,2.5000000000,2.0000000000,1.0000000000,4.0000000000,2.0000000000
